Level	Rule Name	Subject	Property	Value
ERROR	duplicate_definition	WBls:0000003	IAO:0000115	The whole period of embryogenesis, from the formation of an egg till its hatch.	
ERROR	duplicate_definition	WBls:0000092	IAO:0000115	The whole period of embryogenesis, from the formation of an egg till its hatch.	
ERROR	duplicate_definition	WBls:0000102	IAO:0000115	The whole period of embryogenesis, from the formation of an egg till its hatch.	
ERROR	duplicate_definition	WBls:0000022	IAO:0000115	The stage after hatch till death.	
ERROR	duplicate_definition	WBls:0000093	IAO:0000115	The stage after hatch till death.	
ERROR	duplicate_definition	WBls:0000103	IAO:0000115	The stage after hatch till death.	
ERROR	duplicate_definition	WBls:0000077	IAO:0000115	Sheathed microfilaria larvae are surrounded by a membrane thought to be derived from the vitelline membrane.	
ERROR	duplicate_definition	WBls:0000110	IAO:0000115	Sheathed microfilaria larvae are surrounded by a membrane thought to be derived from the vitelline membrane.	
ERROR	duplicate_definition	WBls:0000023	IAO:0000115	From the time after hatch till becomes adult.	
ERROR	duplicate_definition	WBls:0000097	IAO:0000115	From the time after hatch till becomes adult.	
WARN	multiple_asserted_superclasses	WBls:0000003	rdfs:subClassOf	WBls:0000002	
WARN	multiple_asserted_superclasses	WBls:0000003	rdfs:subClassOf	WBls:0000102	
WARN	multiple_asserted_superclasses	WBls:0000077	rdfs:subClassOf	WBls:0000110	
WARN	multiple_asserted_superclasses	WBls:0000077	rdfs:subClassOf	WBls:0000665	
WARN	multiple_asserted_superclasses	WBls:0000092	rdfs:subClassOf	WBls:0000091	
WARN	multiple_asserted_superclasses	WBls:0000092	rdfs:subClassOf	WBls:0000102	
WARN	multiple_asserted_superclasses	WBls:0000098	rdfs:subClassOf	WBls:0000081	
WARN	multiple_asserted_superclasses	WBls:0000098	rdfs:subClassOf	WBls:0000679	
WARN	multiple_asserted_superclasses	WBls:0000663	rdfs:subClassOf	WBls:0000665	
WARN	multiple_asserted_superclasses	WBls:0000663	rdfs:subClassOf	WBls:0000666	
WARN	multiple_asserted_superclasses	WBls:0000677	rdfs:subClassOf	WBls:0000001	
WARN	multiple_asserted_superclasses	WBls:0000677	rdfs:subClassOf	WBls:0000076	
WARN	multiple_asserted_superclasses	WBls:0000678	rdfs:subClassOf	WBls:0000059	
WARN	multiple_asserted_superclasses	WBls:0000678	rdfs:subClassOf	WBls:0000076	
WARN	multiple_asserted_superclasses	WBls:0000680	rdfs:subClassOf	WBls:0000108	
WARN	multiple_asserted_superclasses	WBls:0000680	rdfs:subClassOf	WBls:0000678	
WARN	multiple_asserted_superclasses	WBls:0000680	rdfs:subClassOf	WBls:0000679	
WARN	multiple_asserted_superclasses	WBls:0000681	rdfs:subClassOf	WBls:0000104	
WARN	multiple_asserted_superclasses	WBls:0000681	rdfs:subClassOf	WBls:0000678	
WARN	multiple_asserted_superclasses	WBls:0000682	rdfs:subClassOf	WBls:0000104	
WARN	multiple_asserted_superclasses	WBls:0000682	rdfs:subClassOf	WBls:0000677	
WARN	multiple_asserted_superclasses	WBls:0000793	rdfs:subClassOf	WBls:0000106	
WARN	multiple_asserted_superclasses	WBls:0000793	rdfs:subClassOf	WBls:0000677	
WARN	multiple_asserted_superclasses	WBls:0000794	rdfs:subClassOf	WBls:0000106	
WARN	multiple_asserted_superclasses	WBls:0000794	rdfs:subClassOf	WBls:0000678	
WARN	multiple_asserted_superclasses	WBls:0000796	rdfs:subClassOf	WBls:0000677	
WARN	multiple_asserted_superclasses	WBls:0000796	rdfs:subClassOf	WBls:0000680	
WARN	missing_definition	BFO:0000050	IAO:0000115		
WARN	missing_definition	BFO:0000050	IAO:0000600		
WARN	missing_definition	BFO:0000062	IAO:0000115		
WARN	missing_definition	BFO:0000062	IAO:0000600		
WARN	missing_definition	IAO:0000115	IAO:0000115		
WARN	missing_definition	IAO:0000115	IAO:0000600		
WARN	missing_definition	RO:0002087	IAO:0000115		
WARN	missing_definition	RO:0002087	IAO:0000600		
WARN	missing_definition	http://purl.obolibrary.org/obo/WBls:0000803	IAO:0000600		
WARN	missing_definition	http://purl.obolibrary.org/obo/WBls:0000804	IAO:0000600		
WARN	missing_definition	http://purl.obolibrary.org/obo/WBls:0000805	IAO:0000600		
WARN	missing_definition	http://purl.obolibrary.org/obo/WBls:0000806	IAO:0000600		
WARN	missing_definition	http://purl.obolibrary.org/obo/WBls:0000807	IAO:0000600		
WARN	missing_definition	http://purl.obolibrary.org/obo/WBls:0000808	IAO:0000600		
WARN	missing_definition	http://purl.obolibrary.org/obo/WBls:0000809	IAO:0000600		
WARN	missing_definition	http://purl.obolibrary.org/obo/WBls:0000810	IAO:0000600		
WARN	missing_definition	http://purl.obolibrary.org/obo/WBls:0000811	IAO:0000600		
WARN	missing_definition	http://purl.obolibrary.org/obo/WBls:0000812	IAO:0000600		
WARN	missing_definition	http://purl.obolibrary.org/obo/WBls:0000813	IAO:0000600		
WARN	missing_definition	http://purl.obolibrary.org/obo/WBls:0000814	IAO:0000600		
WARN	missing_definition	http://purl.obolibrary.org/obo/WBls:0000815	IAO:0000600		
WARN	missing_definition	http://purl.obolibrary.org/obo/WBls:0000816	IAO:0000600		
WARN	missing_definition	http://purl.obolibrary.org/obo/WBls:0000817	IAO:0000600		
WARN	missing_definition	http://purl.obolibrary.org/obo/WBls:0000818	IAO:0000600		
WARN	missing_definition	http://purl.obolibrary.org/obo/WBls:0000819	IAO:0000600		
WARN	missing_definition	http://purl.obolibrary.org/obo/WBls:0000820	IAO:0000600		
WARN	missing_definition	http://purl.obolibrary.org/obo/WBls:0000821	IAO:0000600		
WARN	missing_definition	WBls:0000001	IAO:0000600		
WARN	missing_definition	WBls:0000002	IAO:0000600		
WARN	missing_definition	WBls:0000003	IAO:0000600		
WARN	missing_definition	WBls:0000004	IAO:0000600		
WARN	missing_definition	WBls:0000005	IAO:0000600		
WARN	missing_definition	WBls:0000006	IAO:0000600		
WARN	missing_definition	WBls:0000007	IAO:0000600		
WARN	missing_definition	WBls:0000008	IAO:0000600		
WARN	missing_definition	WBls:0000009	IAO:0000600		
WARN	missing_definition	WBls:0000010	IAO:0000600		
WARN	missing_definition	WBls:0000011	IAO:0000600		
WARN	missing_definition	WBls:0000012	IAO:0000600		
WARN	missing_definition	WBls:0000013	IAO:0000600		
WARN	missing_definition	WBls:0000014	IAO:0000600		
WARN	missing_definition	WBls:0000015	IAO:0000600		
WARN	missing_definition	WBls:0000016	IAO:0000600		
WARN	missing_definition	WBls:0000017	IAO:0000600		
WARN	missing_definition	WBls:0000018	IAO:0000600		
WARN	missing_definition	WBls:0000019	IAO:0000600		
WARN	missing_definition	WBls:0000020	IAO:0000600		
WARN	missing_definition	WBls:0000021	IAO:0000600		
WARN	missing_definition	WBls:0000022	IAO:0000600		
WARN	missing_definition	WBls:0000023	IAO:0000600		
WARN	missing_definition	WBls:0000024	IAO:0000600		
WARN	missing_definition	WBls:0000025	IAO:0000600		
WARN	missing_definition	WBls:0000026	IAO:0000600		
WARN	missing_definition	WBls:0000027	IAO:0000600		
WARN	missing_definition	WBls:0000028	IAO:0000600		
WARN	missing_definition	WBls:0000029	IAO:0000600		
WARN	missing_definition	WBls:0000030	IAO:0000600		
WARN	missing_definition	WBls:0000031	IAO:0000600		
WARN	missing_definition	WBls:0000032	IAO:0000600		
WARN	missing_definition	WBls:0000033	IAO:0000600		
WARN	missing_definition	WBls:0000034	IAO:0000600		
WARN	missing_definition	WBls:0000035	IAO:0000600		
WARN	missing_definition	WBls:0000036	IAO:0000600		
WARN	missing_definition	WBls:0000037	IAO:0000600		
WARN	missing_definition	WBls:0000038	IAO:0000600		
WARN	missing_definition	WBls:0000039	IAO:0000600		
WARN	missing_definition	WBls:0000040	IAO:0000600		
WARN	missing_definition	WBls:0000041	IAO:0000600		
WARN	missing_definition	WBls:0000042	IAO:0000600		
WARN	missing_definition	WBls:0000043	IAO:0000600		
WARN	missing_definition	WBls:0000044	IAO:0000600		
WARN	missing_definition	WBls:0000045	IAO:0000600		
WARN	missing_definition	WBls:0000046	IAO:0000600		
WARN	missing_definition	WBls:0000047	IAO:0000600		
WARN	missing_definition	WBls:0000048	IAO:0000600		
WARN	missing_definition	WBls:0000049	IAO:0000600		
WARN	missing_definition	WBls:0000050	IAO:0000600		
WARN	missing_definition	WBls:0000051	IAO:0000600		
WARN	missing_definition	WBls:0000052	IAO:0000600		
WARN	missing_definition	WBls:0000053	IAO:0000600		
WARN	missing_definition	WBls:0000054	IAO:0000600		
WARN	missing_definition	WBls:0000055	IAO:0000600		
WARN	missing_definition	WBls:0000056	IAO:0000600		
WARN	missing_definition	WBls:0000057	IAO:0000600		
WARN	missing_definition	WBls:0000058	IAO:0000600		
WARN	missing_definition	WBls:0000059	IAO:0000600		
WARN	missing_definition	WBls:0000060	IAO:0000600		
WARN	missing_definition	WBls:0000061	IAO:0000600		
WARN	missing_definition	WBls:0000062	IAO:0000600		
WARN	missing_definition	WBls:0000063	IAO:0000600		
WARN	missing_definition	WBls:0000064	IAO:0000600		
WARN	missing_definition	WBls:0000065	IAO:0000600		
WARN	missing_definition	WBls:0000066	IAO:0000600		
WARN	missing_definition	WBls:0000067	IAO:0000600		
WARN	missing_definition	WBls:0000068	IAO:0000600		
WARN	missing_definition	WBls:0000069	IAO:0000600		
WARN	missing_definition	WBls:0000070	IAO:0000600		
WARN	missing_definition	WBls:0000071	IAO:0000600		
WARN	missing_definition	WBls:0000072	IAO:0000600		
WARN	missing_definition	WBls:0000073	IAO:0000600		
WARN	missing_definition	WBls:0000074	IAO:0000600		
WARN	missing_definition	WBls:0000075	IAO:0000115		
WARN	missing_definition	WBls:0000075	IAO:0000600		
WARN	missing_definition	WBls:0000076	IAO:0000600		
WARN	missing_definition	WBls:0000077	IAO:0000600		
WARN	missing_definition	WBls:0000079	IAO:0000600		
WARN	missing_definition	WBls:0000080	IAO:0000600		
WARN	missing_definition	WBls:0000081	IAO:0000600		
WARN	missing_definition	WBls:0000082	IAO:0000600		
WARN	missing_definition	WBls:0000083	IAO:0000600		
WARN	missing_definition	WBls:0000084	IAO:0000600		
WARN	missing_definition	WBls:0000085	IAO:0000600		
WARN	missing_definition	WBls:0000086	IAO:0000600		
WARN	missing_definition	WBls:0000087	IAO:0000600		
WARN	missing_definition	WBls:0000088	IAO:0000600		
WARN	missing_definition	WBls:0000089	IAO:0000600		
WARN	missing_definition	WBls:0000090	IAO:0000600		
WARN	missing_definition	WBls:0000091	IAO:0000600		
WARN	missing_definition	WBls:0000092	IAO:0000600		
WARN	missing_definition	WBls:0000093	IAO:0000600		
WARN	missing_definition	WBls:0000094	IAO:0000600		
WARN	missing_definition	WBls:0000095	IAO:0000600		
WARN	missing_definition	WBls:0000096	IAO:0000600		
WARN	missing_definition	WBls:0000097	IAO:0000600		
WARN	missing_definition	WBls:0000098	IAO:0000600		
WARN	missing_definition	WBls:0000099	IAO:0000600		
WARN	missing_definition	WBls:0000100	IAO:0000600		
WARN	missing_definition	WBls:0000101	IAO:0000600		
WARN	missing_definition	WBls:0000102	IAO:0000600		
WARN	missing_definition	WBls:0000103	IAO:0000600		
WARN	missing_definition	WBls:0000104	IAO:0000600		
WARN	missing_definition	WBls:0000105	IAO:0000600		
WARN	missing_definition	WBls:0000106	IAO:0000600		
WARN	missing_definition	WBls:0000107	IAO:0000600		
WARN	missing_definition	WBls:0000108	IAO:0000600		
WARN	missing_definition	WBls:0000109	IAO:0000600		
WARN	missing_definition	WBls:0000110	IAO:0000600		
WARN	missing_definition	WBls:0000111	IAO:0000600		
WARN	missing_definition	WBls:0000112	IAO:0000600		
WARN	missing_definition	WBls:0000113	IAO:0000600		
WARN	missing_definition	WBls:0000114	IAO:0000600		
WARN	missing_definition	WBls:0000115	IAO:0000600		
WARN	missing_definition	WBls:0000116	IAO:0000600		
WARN	missing_definition	WBls:0000117	IAO:0000600		
WARN	missing_definition	WBls:0000118	IAO:0000600		
WARN	missing_definition	WBls:0000119	IAO:0000600		
WARN	missing_definition	WBls:0000120	IAO:0000600		
WARN	missing_definition	WBls:0000121	IAO:0000600		
WARN	missing_definition	WBls:0000122	IAO:0000600		
WARN	missing_definition	WBls:0000123	IAO:0000600		
WARN	missing_definition	WBls:0000124	IAO:0000600		
WARN	missing_definition	WBls:0000125	IAO:0000600		
WARN	missing_definition	WBls:0000126	IAO:0000600		
WARN	missing_definition	WBls:0000127	IAO:0000600		
WARN	missing_definition	WBls:0000128	IAO:0000600		
WARN	missing_definition	WBls:0000129	IAO:0000600		
WARN	missing_definition	WBls:0000130	IAO:0000600		
WARN	missing_definition	WBls:0000131	IAO:0000600		
WARN	missing_definition	WBls:0000132	IAO:0000600		
WARN	missing_definition	WBls:0000133	IAO:0000600		
WARN	missing_definition	WBls:0000134	IAO:0000600		
WARN	missing_definition	WBls:0000135	IAO:0000600		
WARN	missing_definition	WBls:0000136	IAO:0000600		
WARN	missing_definition	WBls:0000137	IAO:0000600		
WARN	missing_definition	WBls:0000138	IAO:0000600		
WARN	missing_definition	WBls:0000139	IAO:0000600		
WARN	missing_definition	WBls:0000140	IAO:0000600		
WARN	missing_definition	WBls:0000141	IAO:0000600		
WARN	missing_definition	WBls:0000142	IAO:0000600		
WARN	missing_definition	WBls:0000143	IAO:0000600		
WARN	missing_definition	WBls:0000144	IAO:0000600		
WARN	missing_definition	WBls:0000145	IAO:0000600		
WARN	missing_definition	WBls:0000146	IAO:0000600		
WARN	missing_definition	WBls:0000147	IAO:0000600		
WARN	missing_definition	WBls:0000148	IAO:0000600		
WARN	missing_definition	WBls:0000149	IAO:0000600		
WARN	missing_definition	WBls:0000150	IAO:0000600		
WARN	missing_definition	WBls:0000151	IAO:0000600		
WARN	missing_definition	WBls:0000152	IAO:0000600		
WARN	missing_definition	WBls:0000153	IAO:0000600		
WARN	missing_definition	WBls:0000154	IAO:0000600		
WARN	missing_definition	WBls:0000155	IAO:0000600		
WARN	missing_definition	WBls:0000156	IAO:0000600		
WARN	missing_definition	WBls:0000157	IAO:0000600		
WARN	missing_definition	WBls:0000158	IAO:0000600		
WARN	missing_definition	WBls:0000159	IAO:0000600		
WARN	missing_definition	WBls:0000160	IAO:0000600		
WARN	missing_definition	WBls:0000161	IAO:0000600		
WARN	missing_definition	WBls:0000162	IAO:0000600		
WARN	missing_definition	WBls:0000163	IAO:0000600		
WARN	missing_definition	WBls:0000164	IAO:0000600		
WARN	missing_definition	WBls:0000165	IAO:0000600		
WARN	missing_definition	WBls:0000166	IAO:0000600		
WARN	missing_definition	WBls:0000167	IAO:0000600		
WARN	missing_definition	WBls:0000168	IAO:0000600		
WARN	missing_definition	WBls:0000169	IAO:0000600		
WARN	missing_definition	WBls:0000170	IAO:0000600		
WARN	missing_definition	WBls:0000171	IAO:0000600		
WARN	missing_definition	WBls:0000172	IAO:0000600		
WARN	missing_definition	WBls:0000173	IAO:0000600		
WARN	missing_definition	WBls:0000174	IAO:0000600		
WARN	missing_definition	WBls:0000175	IAO:0000600		
WARN	missing_definition	WBls:0000176	IAO:0000600		
WARN	missing_definition	WBls:0000177	IAO:0000600		
WARN	missing_definition	WBls:0000178	IAO:0000600		
WARN	missing_definition	WBls:0000179	IAO:0000600		
WARN	missing_definition	WBls:0000180	IAO:0000600		
WARN	missing_definition	WBls:0000181	IAO:0000600		
WARN	missing_definition	WBls:0000182	IAO:0000600		
WARN	missing_definition	WBls:0000183	IAO:0000600		
WARN	missing_definition	WBls:0000184	IAO:0000600		
WARN	missing_definition	WBls:0000185	IAO:0000600		
WARN	missing_definition	WBls:0000186	IAO:0000600		
WARN	missing_definition	WBls:0000187	IAO:0000600		
WARN	missing_definition	WBls:0000188	IAO:0000600		
WARN	missing_definition	WBls:0000189	IAO:0000600		
WARN	missing_definition	WBls:0000190	IAO:0000600		
WARN	missing_definition	WBls:0000191	IAO:0000600		
WARN	missing_definition	WBls:0000192	IAO:0000600		
WARN	missing_definition	WBls:0000193	IAO:0000600		
WARN	missing_definition	WBls:0000194	IAO:0000600		
WARN	missing_definition	WBls:0000195	IAO:0000600		
WARN	missing_definition	WBls:0000196	IAO:0000600		
WARN	missing_definition	WBls:0000197	IAO:0000600		
WARN	missing_definition	WBls:0000198	IAO:0000600		
WARN	missing_definition	WBls:0000199	IAO:0000600		
WARN	missing_definition	WBls:0000200	IAO:0000600		
WARN	missing_definition	WBls:0000201	IAO:0000600		
WARN	missing_definition	WBls:0000202	IAO:0000600		
WARN	missing_definition	WBls:0000203	IAO:0000600		
WARN	missing_definition	WBls:0000204	IAO:0000600		
WARN	missing_definition	WBls:0000205	IAO:0000600		
WARN	missing_definition	WBls:0000206	IAO:0000600		
WARN	missing_definition	WBls:0000207	IAO:0000600		
WARN	missing_definition	WBls:0000208	IAO:0000600		
WARN	missing_definition	WBls:0000209	IAO:0000600		
WARN	missing_definition	WBls:0000210	IAO:0000600		
WARN	missing_definition	WBls:0000211	IAO:0000600		
WARN	missing_definition	WBls:0000212	IAO:0000600		
WARN	missing_definition	WBls:0000213	IAO:0000600		
WARN	missing_definition	WBls:0000214	IAO:0000600		
WARN	missing_definition	WBls:0000215	IAO:0000600		
WARN	missing_definition	WBls:0000216	IAO:0000600		
WARN	missing_definition	WBls:0000217	IAO:0000600		
WARN	missing_definition	WBls:0000218	IAO:0000600		
WARN	missing_definition	WBls:0000219	IAO:0000600		
WARN	missing_definition	WBls:0000220	IAO:0000600		
WARN	missing_definition	WBls:0000221	IAO:0000600		
WARN	missing_definition	WBls:0000222	IAO:0000600		
WARN	missing_definition	WBls:0000223	IAO:0000600		
WARN	missing_definition	WBls:0000224	IAO:0000600		
WARN	missing_definition	WBls:0000225	IAO:0000600		
WARN	missing_definition	WBls:0000226	IAO:0000600		
WARN	missing_definition	WBls:0000227	IAO:0000600		
WARN	missing_definition	WBls:0000228	IAO:0000600		
WARN	missing_definition	WBls:0000229	IAO:0000600		
WARN	missing_definition	WBls:0000230	IAO:0000600		
WARN	missing_definition	WBls:0000231	IAO:0000600		
WARN	missing_definition	WBls:0000232	IAO:0000600		
WARN	missing_definition	WBls:0000233	IAO:0000600		
WARN	missing_definition	WBls:0000234	IAO:0000600		
WARN	missing_definition	WBls:0000235	IAO:0000600		
WARN	missing_definition	WBls:0000236	IAO:0000600		
WARN	missing_definition	WBls:0000237	IAO:0000600		
WARN	missing_definition	WBls:0000238	IAO:0000600		
WARN	missing_definition	WBls:0000239	IAO:0000600		
WARN	missing_definition	WBls:0000240	IAO:0000600		
WARN	missing_definition	WBls:0000241	IAO:0000600		
WARN	missing_definition	WBls:0000242	IAO:0000600		
WARN	missing_definition	WBls:0000243	IAO:0000600		
WARN	missing_definition	WBls:0000244	IAO:0000600		
WARN	missing_definition	WBls:0000245	IAO:0000600		
WARN	missing_definition	WBls:0000246	IAO:0000600		
WARN	missing_definition	WBls:0000247	IAO:0000600		
WARN	missing_definition	WBls:0000248	IAO:0000600		
WARN	missing_definition	WBls:0000249	IAO:0000600		
WARN	missing_definition	WBls:0000250	IAO:0000600		
WARN	missing_definition	WBls:0000251	IAO:0000600		
WARN	missing_definition	WBls:0000252	IAO:0000600		
WARN	missing_definition	WBls:0000253	IAO:0000600		
WARN	missing_definition	WBls:0000254	IAO:0000600		
WARN	missing_definition	WBls:0000255	IAO:0000600		
WARN	missing_definition	WBls:0000256	IAO:0000600		
WARN	missing_definition	WBls:0000257	IAO:0000600		
WARN	missing_definition	WBls:0000258	IAO:0000600		
WARN	missing_definition	WBls:0000259	IAO:0000600		
WARN	missing_definition	WBls:0000260	IAO:0000600		
WARN	missing_definition	WBls:0000261	IAO:0000600		
WARN	missing_definition	WBls:0000262	IAO:0000600		
WARN	missing_definition	WBls:0000263	IAO:0000600		
WARN	missing_definition	WBls:0000264	IAO:0000600		
WARN	missing_definition	WBls:0000265	IAO:0000600		
WARN	missing_definition	WBls:0000266	IAO:0000600		
WARN	missing_definition	WBls:0000267	IAO:0000600		
WARN	missing_definition	WBls:0000268	IAO:0000600		
WARN	missing_definition	WBls:0000269	IAO:0000600		
WARN	missing_definition	WBls:0000270	IAO:0000600		
WARN	missing_definition	WBls:0000271	IAO:0000600		
WARN	missing_definition	WBls:0000272	IAO:0000600		
WARN	missing_definition	WBls:0000273	IAO:0000600		
WARN	missing_definition	WBls:0000274	IAO:0000600		
WARN	missing_definition	WBls:0000275	IAO:0000600		
WARN	missing_definition	WBls:0000276	IAO:0000600		
WARN	missing_definition	WBls:0000277	IAO:0000600		
WARN	missing_definition	WBls:0000278	IAO:0000600		
WARN	missing_definition	WBls:0000279	IAO:0000600		
WARN	missing_definition	WBls:0000280	IAO:0000600		
WARN	missing_definition	WBls:0000281	IAO:0000600		
WARN	missing_definition	WBls:0000282	IAO:0000600		
WARN	missing_definition	WBls:0000283	IAO:0000600		
WARN	missing_definition	WBls:0000284	IAO:0000600		
WARN	missing_definition	WBls:0000285	IAO:0000600		
WARN	missing_definition	WBls:0000286	IAO:0000600		
WARN	missing_definition	WBls:0000287	IAO:0000600		
WARN	missing_definition	WBls:0000288	IAO:0000600		
WARN	missing_definition	WBls:0000289	IAO:0000600		
WARN	missing_definition	WBls:0000290	IAO:0000600		
WARN	missing_definition	WBls:0000291	IAO:0000600		
WARN	missing_definition	WBls:0000292	IAO:0000600		
WARN	missing_definition	WBls:0000293	IAO:0000600		
WARN	missing_definition	WBls:0000294	IAO:0000600		
WARN	missing_definition	WBls:0000295	IAO:0000600		
WARN	missing_definition	WBls:0000296	IAO:0000600		
WARN	missing_definition	WBls:0000297	IAO:0000600		
WARN	missing_definition	WBls:0000298	IAO:0000600		
WARN	missing_definition	WBls:0000299	IAO:0000600		
WARN	missing_definition	WBls:0000300	IAO:0000600		
WARN	missing_definition	WBls:0000301	IAO:0000600		
WARN	missing_definition	WBls:0000302	IAO:0000600		
WARN	missing_definition	WBls:0000303	IAO:0000600		
WARN	missing_definition	WBls:0000304	IAO:0000600		
WARN	missing_definition	WBls:0000305	IAO:0000600		
WARN	missing_definition	WBls:0000306	IAO:0000600		
WARN	missing_definition	WBls:0000307	IAO:0000600		
WARN	missing_definition	WBls:0000308	IAO:0000600		
WARN	missing_definition	WBls:0000309	IAO:0000600		
WARN	missing_definition	WBls:0000310	IAO:0000600		
WARN	missing_definition	WBls:0000311	IAO:0000600		
WARN	missing_definition	WBls:0000312	IAO:0000600		
WARN	missing_definition	WBls:0000313	IAO:0000600		
WARN	missing_definition	WBls:0000314	IAO:0000600		
WARN	missing_definition	WBls:0000315	IAO:0000600		
WARN	missing_definition	WBls:0000316	IAO:0000600		
WARN	missing_definition	WBls:0000317	IAO:0000600		
WARN	missing_definition	WBls:0000318	IAO:0000600		
WARN	missing_definition	WBls:0000319	IAO:0000600		
WARN	missing_definition	WBls:0000320	IAO:0000600		
WARN	missing_definition	WBls:0000321	IAO:0000600		
WARN	missing_definition	WBls:0000322	IAO:0000600		
WARN	missing_definition	WBls:0000323	IAO:0000600		
WARN	missing_definition	WBls:0000324	IAO:0000600		
WARN	missing_definition	WBls:0000325	IAO:0000600		
WARN	missing_definition	WBls:0000326	IAO:0000600		
WARN	missing_definition	WBls:0000327	IAO:0000600		
WARN	missing_definition	WBls:0000328	IAO:0000600		
WARN	missing_definition	WBls:0000329	IAO:0000600		
WARN	missing_definition	WBls:0000330	IAO:0000600		
WARN	missing_definition	WBls:0000331	IAO:0000600		
WARN	missing_definition	WBls:0000332	IAO:0000600		
WARN	missing_definition	WBls:0000333	IAO:0000600		
WARN	missing_definition	WBls:0000334	IAO:0000600		
WARN	missing_definition	WBls:0000335	IAO:0000600		
WARN	missing_definition	WBls:0000336	IAO:0000600		
WARN	missing_definition	WBls:0000337	IAO:0000600		
WARN	missing_definition	WBls:0000338	IAO:0000600		
WARN	missing_definition	WBls:0000339	IAO:0000600		
WARN	missing_definition	WBls:0000340	IAO:0000600		
WARN	missing_definition	WBls:0000341	IAO:0000600		
WARN	missing_definition	WBls:0000342	IAO:0000600		
WARN	missing_definition	WBls:0000343	IAO:0000600		
WARN	missing_definition	WBls:0000344	IAO:0000600		
WARN	missing_definition	WBls:0000345	IAO:0000600		
WARN	missing_definition	WBls:0000346	IAO:0000600		
WARN	missing_definition	WBls:0000347	IAO:0000600		
WARN	missing_definition	WBls:0000348	IAO:0000600		
WARN	missing_definition	WBls:0000349	IAO:0000600		
WARN	missing_definition	WBls:0000350	IAO:0000600		
WARN	missing_definition	WBls:0000351	IAO:0000600		
WARN	missing_definition	WBls:0000352	IAO:0000600		
WARN	missing_definition	WBls:0000353	IAO:0000600		
WARN	missing_definition	WBls:0000354	IAO:0000600		
WARN	missing_definition	WBls:0000355	IAO:0000600		
WARN	missing_definition	WBls:0000356	IAO:0000600		
WARN	missing_definition	WBls:0000357	IAO:0000600		
WARN	missing_definition	WBls:0000358	IAO:0000600		
WARN	missing_definition	WBls:0000359	IAO:0000600		
WARN	missing_definition	WBls:0000360	IAO:0000600		
WARN	missing_definition	WBls:0000361	IAO:0000600		
WARN	missing_definition	WBls:0000362	IAO:0000600		
WARN	missing_definition	WBls:0000363	IAO:0000600		
WARN	missing_definition	WBls:0000364	IAO:0000600		
WARN	missing_definition	WBls:0000365	IAO:0000600		
WARN	missing_definition	WBls:0000366	IAO:0000600		
WARN	missing_definition	WBls:0000367	IAO:0000600		
WARN	missing_definition	WBls:0000368	IAO:0000600		
WARN	missing_definition	WBls:0000369	IAO:0000600		
WARN	missing_definition	WBls:0000370	IAO:0000600		
WARN	missing_definition	WBls:0000371	IAO:0000600		
WARN	missing_definition	WBls:0000372	IAO:0000600		
WARN	missing_definition	WBls:0000373	IAO:0000600		
WARN	missing_definition	WBls:0000374	IAO:0000600		
WARN	missing_definition	WBls:0000375	IAO:0000600		
WARN	missing_definition	WBls:0000376	IAO:0000600		
WARN	missing_definition	WBls:0000377	IAO:0000600		
WARN	missing_definition	WBls:0000378	IAO:0000600		
WARN	missing_definition	WBls:0000379	IAO:0000600		
WARN	missing_definition	WBls:0000380	IAO:0000600		
WARN	missing_definition	WBls:0000381	IAO:0000600		
WARN	missing_definition	WBls:0000382	IAO:0000600		
WARN	missing_definition	WBls:0000383	IAO:0000600		
WARN	missing_definition	WBls:0000384	IAO:0000600		
WARN	missing_definition	WBls:0000385	IAO:0000600		
WARN	missing_definition	WBls:0000386	IAO:0000600		
WARN	missing_definition	WBls:0000387	IAO:0000600		
WARN	missing_definition	WBls:0000388	IAO:0000600		
WARN	missing_definition	WBls:0000389	IAO:0000600		
WARN	missing_definition	WBls:0000390	IAO:0000600		
WARN	missing_definition	WBls:0000391	IAO:0000600		
WARN	missing_definition	WBls:0000392	IAO:0000600		
WARN	missing_definition	WBls:0000393	IAO:0000600		
WARN	missing_definition	WBls:0000394	IAO:0000600		
WARN	missing_definition	WBls:0000395	IAO:0000600		
WARN	missing_definition	WBls:0000396	IAO:0000600		
WARN	missing_definition	WBls:0000397	IAO:0000600		
WARN	missing_definition	WBls:0000398	IAO:0000600		
WARN	missing_definition	WBls:0000399	IAO:0000600		
WARN	missing_definition	WBls:0000400	IAO:0000600		
WARN	missing_definition	WBls:0000401	IAO:0000600		
WARN	missing_definition	WBls:0000402	IAO:0000600		
WARN	missing_definition	WBls:0000403	IAO:0000600		
WARN	missing_definition	WBls:0000404	IAO:0000600		
WARN	missing_definition	WBls:0000405	IAO:0000600		
WARN	missing_definition	WBls:0000406	IAO:0000600		
WARN	missing_definition	WBls:0000407	IAO:0000600		
WARN	missing_definition	WBls:0000408	IAO:0000600		
WARN	missing_definition	WBls:0000409	IAO:0000600		
WARN	missing_definition	WBls:0000410	IAO:0000600		
WARN	missing_definition	WBls:0000411	IAO:0000600		
WARN	missing_definition	WBls:0000412	IAO:0000600		
WARN	missing_definition	WBls:0000413	IAO:0000600		
WARN	missing_definition	WBls:0000414	IAO:0000600		
WARN	missing_definition	WBls:0000415	IAO:0000600		
WARN	missing_definition	WBls:0000416	IAO:0000600		
WARN	missing_definition	WBls:0000417	IAO:0000600		
WARN	missing_definition	WBls:0000418	IAO:0000600		
WARN	missing_definition	WBls:0000419	IAO:0000600		
WARN	missing_definition	WBls:0000420	IAO:0000600		
WARN	missing_definition	WBls:0000421	IAO:0000600		
WARN	missing_definition	WBls:0000422	IAO:0000600		
WARN	missing_definition	WBls:0000423	IAO:0000600		
WARN	missing_definition	WBls:0000424	IAO:0000600		
WARN	missing_definition	WBls:0000425	IAO:0000600		
WARN	missing_definition	WBls:0000426	IAO:0000600		
WARN	missing_definition	WBls:0000427	IAO:0000600		
WARN	missing_definition	WBls:0000428	IAO:0000600		
WARN	missing_definition	WBls:0000429	IAO:0000600		
WARN	missing_definition	WBls:0000430	IAO:0000600		
WARN	missing_definition	WBls:0000431	IAO:0000600		
WARN	missing_definition	WBls:0000432	IAO:0000600		
WARN	missing_definition	WBls:0000433	IAO:0000600		
WARN	missing_definition	WBls:0000434	IAO:0000600		
WARN	missing_definition	WBls:0000435	IAO:0000600		
WARN	missing_definition	WBls:0000436	IAO:0000600		
WARN	missing_definition	WBls:0000437	IAO:0000600		
WARN	missing_definition	WBls:0000438	IAO:0000600		
WARN	missing_definition	WBls:0000439	IAO:0000600		
WARN	missing_definition	WBls:0000440	IAO:0000600		
WARN	missing_definition	WBls:0000441	IAO:0000600		
WARN	missing_definition	WBls:0000442	IAO:0000600		
WARN	missing_definition	WBls:0000443	IAO:0000600		
WARN	missing_definition	WBls:0000444	IAO:0000600		
WARN	missing_definition	WBls:0000445	IAO:0000600		
WARN	missing_definition	WBls:0000446	IAO:0000600		
WARN	missing_definition	WBls:0000447	IAO:0000600		
WARN	missing_definition	WBls:0000448	IAO:0000600		
WARN	missing_definition	WBls:0000449	IAO:0000600		
WARN	missing_definition	WBls:0000450	IAO:0000600		
WARN	missing_definition	WBls:0000451	IAO:0000600		
WARN	missing_definition	WBls:0000452	IAO:0000600		
WARN	missing_definition	WBls:0000453	IAO:0000600		
WARN	missing_definition	WBls:0000454	IAO:0000600		
WARN	missing_definition	WBls:0000455	IAO:0000600		
WARN	missing_definition	WBls:0000456	IAO:0000600		
WARN	missing_definition	WBls:0000457	IAO:0000600		
WARN	missing_definition	WBls:0000458	IAO:0000600		
WARN	missing_definition	WBls:0000459	IAO:0000600		
WARN	missing_definition	WBls:0000460	IAO:0000600		
WARN	missing_definition	WBls:0000461	IAO:0000600		
WARN	missing_definition	WBls:0000462	IAO:0000600		
WARN	missing_definition	WBls:0000463	IAO:0000600		
WARN	missing_definition	WBls:0000464	IAO:0000600		
WARN	missing_definition	WBls:0000465	IAO:0000600		
WARN	missing_definition	WBls:0000466	IAO:0000600		
WARN	missing_definition	WBls:0000467	IAO:0000600		
WARN	missing_definition	WBls:0000468	IAO:0000600		
WARN	missing_definition	WBls:0000469	IAO:0000600		
WARN	missing_definition	WBls:0000470	IAO:0000600		
WARN	missing_definition	WBls:0000471	IAO:0000600		
WARN	missing_definition	WBls:0000472	IAO:0000600		
WARN	missing_definition	WBls:0000473	IAO:0000600		
WARN	missing_definition	WBls:0000474	IAO:0000600		
WARN	missing_definition	WBls:0000475	IAO:0000600		
WARN	missing_definition	WBls:0000476	IAO:0000600		
WARN	missing_definition	WBls:0000477	IAO:0000600		
WARN	missing_definition	WBls:0000478	IAO:0000600		
WARN	missing_definition	WBls:0000479	IAO:0000600		
WARN	missing_definition	WBls:0000480	IAO:0000600		
WARN	missing_definition	WBls:0000481	IAO:0000600		
WARN	missing_definition	WBls:0000482	IAO:0000600		
WARN	missing_definition	WBls:0000483	IAO:0000600		
WARN	missing_definition	WBls:0000484	IAO:0000600		
WARN	missing_definition	WBls:0000485	IAO:0000600		
WARN	missing_definition	WBls:0000486	IAO:0000600		
WARN	missing_definition	WBls:0000487	IAO:0000600		
WARN	missing_definition	WBls:0000488	IAO:0000600		
WARN	missing_definition	WBls:0000489	IAO:0000600		
WARN	missing_definition	WBls:0000490	IAO:0000600		
WARN	missing_definition	WBls:0000491	IAO:0000600		
WARN	missing_definition	WBls:0000492	IAO:0000600		
WARN	missing_definition	WBls:0000493	IAO:0000600		
WARN	missing_definition	WBls:0000494	IAO:0000600		
WARN	missing_definition	WBls:0000495	IAO:0000600		
WARN	missing_definition	WBls:0000496	IAO:0000600		
WARN	missing_definition	WBls:0000497	IAO:0000600		
WARN	missing_definition	WBls:0000498	IAO:0000600		
WARN	missing_definition	WBls:0000499	IAO:0000600		
WARN	missing_definition	WBls:0000500	IAO:0000600		
WARN	missing_definition	WBls:0000501	IAO:0000600		
WARN	missing_definition	WBls:0000502	IAO:0000600		
WARN	missing_definition	WBls:0000503	IAO:0000600		
WARN	missing_definition	WBls:0000504	IAO:0000600		
WARN	missing_definition	WBls:0000505	IAO:0000600		
WARN	missing_definition	WBls:0000506	IAO:0000600		
WARN	missing_definition	WBls:0000507	IAO:0000600		
WARN	missing_definition	WBls:0000508	IAO:0000600		
WARN	missing_definition	WBls:0000509	IAO:0000600		
WARN	missing_definition	WBls:0000510	IAO:0000600		
WARN	missing_definition	WBls:0000511	IAO:0000600		
WARN	missing_definition	WBls:0000512	IAO:0000600		
WARN	missing_definition	WBls:0000513	IAO:0000600		
WARN	missing_definition	WBls:0000514	IAO:0000600		
WARN	missing_definition	WBls:0000515	IAO:0000600		
WARN	missing_definition	WBls:0000516	IAO:0000600		
WARN	missing_definition	WBls:0000517	IAO:0000600		
WARN	missing_definition	WBls:0000518	IAO:0000600		
WARN	missing_definition	WBls:0000519	IAO:0000600		
WARN	missing_definition	WBls:0000520	IAO:0000600		
WARN	missing_definition	WBls:0000521	IAO:0000600		
WARN	missing_definition	WBls:0000522	IAO:0000600		
WARN	missing_definition	WBls:0000523	IAO:0000600		
WARN	missing_definition	WBls:0000524	IAO:0000600		
WARN	missing_definition	WBls:0000525	IAO:0000600		
WARN	missing_definition	WBls:0000526	IAO:0000600		
WARN	missing_definition	WBls:0000527	IAO:0000600		
WARN	missing_definition	WBls:0000528	IAO:0000600		
WARN	missing_definition	WBls:0000529	IAO:0000600		
WARN	missing_definition	WBls:0000530	IAO:0000600		
WARN	missing_definition	WBls:0000531	IAO:0000600		
WARN	missing_definition	WBls:0000532	IAO:0000600		
WARN	missing_definition	WBls:0000533	IAO:0000600		
WARN	missing_definition	WBls:0000534	IAO:0000600		
WARN	missing_definition	WBls:0000535	IAO:0000600		
WARN	missing_definition	WBls:0000536	IAO:0000600		
WARN	missing_definition	WBls:0000537	IAO:0000600		
WARN	missing_definition	WBls:0000538	IAO:0000600		
WARN	missing_definition	WBls:0000539	IAO:0000600		
WARN	missing_definition	WBls:0000540	IAO:0000600		
WARN	missing_definition	WBls:0000541	IAO:0000600		
WARN	missing_definition	WBls:0000542	IAO:0000600		
WARN	missing_definition	WBls:0000543	IAO:0000600		
WARN	missing_definition	WBls:0000544	IAO:0000600		
WARN	missing_definition	WBls:0000545	IAO:0000600		
WARN	missing_definition	WBls:0000546	IAO:0000600		
WARN	missing_definition	WBls:0000547	IAO:0000600		
WARN	missing_definition	WBls:0000548	IAO:0000600		
WARN	missing_definition	WBls:0000549	IAO:0000600		
WARN	missing_definition	WBls:0000550	IAO:0000600		
WARN	missing_definition	WBls:0000551	IAO:0000600		
WARN	missing_definition	WBls:0000552	IAO:0000600		
WARN	missing_definition	WBls:0000553	IAO:0000600		
WARN	missing_definition	WBls:0000554	IAO:0000600		
WARN	missing_definition	WBls:0000555	IAO:0000600		
WARN	missing_definition	WBls:0000556	IAO:0000600		
WARN	missing_definition	WBls:0000557	IAO:0000600		
WARN	missing_definition	WBls:0000558	IAO:0000600		
WARN	missing_definition	WBls:0000559	IAO:0000600		
WARN	missing_definition	WBls:0000560	IAO:0000600		
WARN	missing_definition	WBls:0000561	IAO:0000600		
WARN	missing_definition	WBls:0000562	IAO:0000600		
WARN	missing_definition	WBls:0000563	IAO:0000600		
WARN	missing_definition	WBls:0000564	IAO:0000600		
WARN	missing_definition	WBls:0000565	IAO:0000600		
WARN	missing_definition	WBls:0000566	IAO:0000600		
WARN	missing_definition	WBls:0000567	IAO:0000600		
WARN	missing_definition	WBls:0000568	IAO:0000600		
WARN	missing_definition	WBls:0000569	IAO:0000600		
WARN	missing_definition	WBls:0000570	IAO:0000600		
WARN	missing_definition	WBls:0000571	IAO:0000600		
WARN	missing_definition	WBls:0000572	IAO:0000600		
WARN	missing_definition	WBls:0000573	IAO:0000600		
WARN	missing_definition	WBls:0000574	IAO:0000600		
WARN	missing_definition	WBls:0000575	IAO:0000600		
WARN	missing_definition	WBls:0000576	IAO:0000600		
WARN	missing_definition	WBls:0000577	IAO:0000600		
WARN	missing_definition	WBls:0000578	IAO:0000600		
WARN	missing_definition	WBls:0000579	IAO:0000600		
WARN	missing_definition	WBls:0000580	IAO:0000600		
WARN	missing_definition	WBls:0000581	IAO:0000600		
WARN	missing_definition	WBls:0000582	IAO:0000600		
WARN	missing_definition	WBls:0000583	IAO:0000600		
WARN	missing_definition	WBls:0000584	IAO:0000600		
WARN	missing_definition	WBls:0000585	IAO:0000600		
WARN	missing_definition	WBls:0000586	IAO:0000600		
WARN	missing_definition	WBls:0000587	IAO:0000600		
WARN	missing_definition	WBls:0000588	IAO:0000600		
WARN	missing_definition	WBls:0000589	IAO:0000600		
WARN	missing_definition	WBls:0000590	IAO:0000600		
WARN	missing_definition	WBls:0000591	IAO:0000600		
WARN	missing_definition	WBls:0000592	IAO:0000600		
WARN	missing_definition	WBls:0000593	IAO:0000600		
WARN	missing_definition	WBls:0000594	IAO:0000600		
WARN	missing_definition	WBls:0000595	IAO:0000600		
WARN	missing_definition	WBls:0000596	IAO:0000600		
WARN	missing_definition	WBls:0000597	IAO:0000600		
WARN	missing_definition	WBls:0000598	IAO:0000600		
WARN	missing_definition	WBls:0000599	IAO:0000600		
WARN	missing_definition	WBls:0000600	IAO:0000600		
WARN	missing_definition	WBls:0000601	IAO:0000600		
WARN	missing_definition	WBls:0000602	IAO:0000600		
WARN	missing_definition	WBls:0000603	IAO:0000600		
WARN	missing_definition	WBls:0000604	IAO:0000600		
WARN	missing_definition	WBls:0000605	IAO:0000600		
WARN	missing_definition	WBls:0000606	IAO:0000600		
WARN	missing_definition	WBls:0000607	IAO:0000600		
WARN	missing_definition	WBls:0000608	IAO:0000600		
WARN	missing_definition	WBls:0000609	IAO:0000600		
WARN	missing_definition	WBls:0000610	IAO:0000600		
WARN	missing_definition	WBls:0000611	IAO:0000600		
WARN	missing_definition	WBls:0000612	IAO:0000600		
WARN	missing_definition	WBls:0000613	IAO:0000600		
WARN	missing_definition	WBls:0000614	IAO:0000600		
WARN	missing_definition	WBls:0000615	IAO:0000600		
WARN	missing_definition	WBls:0000616	IAO:0000600		
WARN	missing_definition	WBls:0000617	IAO:0000600		
WARN	missing_definition	WBls:0000618	IAO:0000600		
WARN	missing_definition	WBls:0000619	IAO:0000600		
WARN	missing_definition	WBls:0000620	IAO:0000600		
WARN	missing_definition	WBls:0000621	IAO:0000600		
WARN	missing_definition	WBls:0000622	IAO:0000600		
WARN	missing_definition	WBls:0000623	IAO:0000600		
WARN	missing_definition	WBls:0000624	IAO:0000600		
WARN	missing_definition	WBls:0000625	IAO:0000600		
WARN	missing_definition	WBls:0000626	IAO:0000600		
WARN	missing_definition	WBls:0000627	IAO:0000600		
WARN	missing_definition	WBls:0000628	IAO:0000600		
WARN	missing_definition	WBls:0000629	IAO:0000600		
WARN	missing_definition	WBls:0000630	IAO:0000600		
WARN	missing_definition	WBls:0000631	IAO:0000600		
WARN	missing_definition	WBls:0000632	IAO:0000600		
WARN	missing_definition	WBls:0000633	IAO:0000600		
WARN	missing_definition	WBls:0000634	IAO:0000600		
WARN	missing_definition	WBls:0000635	IAO:0000600		
WARN	missing_definition	WBls:0000636	IAO:0000600		
WARN	missing_definition	WBls:0000637	IAO:0000600		
WARN	missing_definition	WBls:0000638	IAO:0000600		
WARN	missing_definition	WBls:0000639	IAO:0000600		
WARN	missing_definition	WBls:0000640	IAO:0000600		
WARN	missing_definition	WBls:0000641	IAO:0000600		
WARN	missing_definition	WBls:0000642	IAO:0000600		
WARN	missing_definition	WBls:0000643	IAO:0000600		
WARN	missing_definition	WBls:0000644	IAO:0000600		
WARN	missing_definition	WBls:0000645	IAO:0000600		
WARN	missing_definition	WBls:0000646	IAO:0000600		
WARN	missing_definition	WBls:0000647	IAO:0000600		
WARN	missing_definition	WBls:0000648	IAO:0000600		
WARN	missing_definition	WBls:0000649	IAO:0000600		
WARN	missing_definition	WBls:0000650	IAO:0000600		
WARN	missing_definition	WBls:0000651	IAO:0000600		
WARN	missing_definition	WBls:0000652	IAO:0000600		
WARN	missing_definition	WBls:0000653	IAO:0000600		
WARN	missing_definition	WBls:0000654	IAO:0000600		
WARN	missing_definition	WBls:0000655	IAO:0000600		
WARN	missing_definition	WBls:0000656	IAO:0000600		
WARN	missing_definition	WBls:0000657	IAO:0000600		
WARN	missing_definition	WBls:0000658	IAO:0000600		
WARN	missing_definition	WBls:0000659	IAO:0000600		
WARN	missing_definition	WBls:0000660	IAO:0000600		
WARN	missing_definition	WBls:0000661	IAO:0000600		
WARN	missing_definition	WBls:0000663	IAO:0000600		
WARN	missing_definition	WBls:0000664	IAO:0000600		
WARN	missing_definition	WBls:0000665	IAO:0000600		
WARN	missing_definition	WBls:0000666	IAO:0000115		
WARN	missing_definition	WBls:0000666	IAO:0000600		
WARN	missing_definition	WBls:0000667	IAO:0000115		
WARN	missing_definition	WBls:0000667	IAO:0000600		
WARN	missing_definition	WBls:0000668	IAO:0000115		
WARN	missing_definition	WBls:0000668	IAO:0000600		
WARN	missing_definition	WBls:0000669	IAO:0000115		
WARN	missing_definition	WBls:0000669	IAO:0000600		
WARN	missing_definition	WBls:0000670	IAO:0000600		
WARN	missing_definition	WBls:0000671	IAO:0000600		
WARN	missing_definition	WBls:0000672	IAO:0000600		
WARN	missing_definition	WBls:0000673	IAO:0000600		
WARN	missing_definition	WBls:0000674	IAO:0000600		
WARN	missing_definition	WBls:0000675	IAO:0000600		
WARN	missing_definition	WBls:0000676	IAO:0000600		
WARN	missing_definition	WBls:0000677	IAO:0000600		
WARN	missing_definition	WBls:0000678	IAO:0000600		
WARN	missing_definition	WBls:0000679	IAO:0000600		
WARN	missing_definition	WBls:0000680	IAO:0000600		
WARN	missing_definition	WBls:0000681	IAO:0000600		
WARN	missing_definition	WBls:0000682	IAO:0000600		
WARN	missing_definition	WBls:0000683	IAO:0000600		
WARN	missing_definition	WBls:0000684	IAO:0000600		
WARN	missing_definition	WBls:0000685	IAO:0000600		
WARN	missing_definition	WBls:0000686	IAO:0000600		
WARN	missing_definition	WBls:0000687	IAO:0000600		
WARN	missing_definition	WBls:0000688	IAO:0000600		
WARN	missing_definition	WBls:0000689	IAO:0000600		
WARN	missing_definition	WBls:0000690	IAO:0000600		
WARN	missing_definition	WBls:0000691	IAO:0000600		
WARN	missing_definition	WBls:0000692	IAO:0000600		
WARN	missing_definition	WBls:0000693	IAO:0000600		
WARN	missing_definition	WBls:0000694	IAO:0000600		
WARN	missing_definition	WBls:0000695	IAO:0000600		
WARN	missing_definition	WBls:0000696	IAO:0000600		
WARN	missing_definition	WBls:0000697	IAO:0000600		
WARN	missing_definition	WBls:0000698	IAO:0000600		
WARN	missing_definition	WBls:0000699	IAO:0000600		
WARN	missing_definition	WBls:0000700	IAO:0000600		
WARN	missing_definition	WBls:0000701	IAO:0000600		
WARN	missing_definition	WBls:0000702	IAO:0000600		
WARN	missing_definition	WBls:0000703	IAO:0000600		
WARN	missing_definition	WBls:0000704	IAO:0000600		
WARN	missing_definition	WBls:0000705	IAO:0000600		
WARN	missing_definition	WBls:0000706	IAO:0000600		
WARN	missing_definition	WBls:0000707	IAO:0000600		
WARN	missing_definition	WBls:0000708	IAO:0000600		
WARN	missing_definition	WBls:0000709	IAO:0000600		
WARN	missing_definition	WBls:0000710	IAO:0000600		
WARN	missing_definition	WBls:0000711	IAO:0000600		
WARN	missing_definition	WBls:0000712	IAO:0000600		
WARN	missing_definition	WBls:0000713	IAO:0000600		
WARN	missing_definition	WBls:0000714	IAO:0000600		
WARN	missing_definition	WBls:0000715	IAO:0000600		
WARN	missing_definition	WBls:0000716	IAO:0000600		
WARN	missing_definition	WBls:0000717	IAO:0000600		
WARN	missing_definition	WBls:0000718	IAO:0000600		
WARN	missing_definition	WBls:0000719	IAO:0000600		
WARN	missing_definition	WBls:0000720	IAO:0000600		
WARN	missing_definition	WBls:0000723	IAO:0000600		
WARN	missing_definition	WBls:0000724	IAO:0000600		
WARN	missing_definition	WBls:0000725	IAO:0000600		
WARN	missing_definition	WBls:0000726	IAO:0000600		
WARN	missing_definition	WBls:0000727	IAO:0000600		
WARN	missing_definition	WBls:0000728	IAO:0000600		
WARN	missing_definition	WBls:0000729	IAO:0000600		
WARN	missing_definition	WBls:0000730	IAO:0000600		
WARN	missing_definition	WBls:0000731	IAO:0000600		
WARN	missing_definition	WBls:0000732	IAO:0000600		
WARN	missing_definition	WBls:0000733	IAO:0000600		
WARN	missing_definition	WBls:0000734	IAO:0000600		
WARN	missing_definition	WBls:0000735	IAO:0000600		
WARN	missing_definition	WBls:0000736	IAO:0000600		
WARN	missing_definition	WBls:0000737	IAO:0000600		
WARN	missing_definition	WBls:0000738	IAO:0000600		
WARN	missing_definition	WBls:0000739	IAO:0000600		
WARN	missing_definition	WBls:0000740	IAO:0000600		
WARN	missing_definition	WBls:0000741	IAO:0000600		
WARN	missing_definition	WBls:0000742	IAO:0000600		
WARN	missing_definition	WBls:0000793	IAO:0000600		
WARN	missing_definition	WBls:0000794	IAO:0000600		
WARN	missing_definition	WBls:0000795	IAO:0000600		
WARN	missing_definition	WBls:0000796	IAO:0000600		
WARN	missing_definition	WBls:0000797	IAO:0000600		
WARN	missing_definition	WBls:0000798	IAO:0000600		
WARN	missing_definition	WBls:0000799	IAO:0000600		
WARN	missing_definition	WBls:0000800	IAO:0000600		
WARN	missing_definition	WBls:0000801	IAO:0000600		
WARN	missing_definition	WBls:0000802	IAO:0000600		
WARN	missing_definition	oboInOwl:hasAlternativeId	IAO:0000115		
WARN	missing_definition	oboInOwl:hasAlternativeId	IAO:0000600		
WARN	missing_definition	oboInOwl:hasBroadSynonym	IAO:0000115		
WARN	missing_definition	oboInOwl:hasBroadSynonym	IAO:0000600		
WARN	missing_definition	oboInOwl:hasDbXref	IAO:0000115		
WARN	missing_definition	oboInOwl:hasDbXref	IAO:0000600		
WARN	missing_definition	oboInOwl:hasExactSynonym	IAO:0000115		
WARN	missing_definition	oboInOwl:hasExactSynonym	IAO:0000600		
WARN	missing_definition	oboInOwl:hasNarrowSynonym	IAO:0000115		
WARN	missing_definition	oboInOwl:hasNarrowSynonym	IAO:0000600		
WARN	missing_definition	oboInOwl:hasOBOFormatVersion	IAO:0000115		
WARN	missing_definition	oboInOwl:hasOBOFormatVersion	IAO:0000600		
WARN	missing_definition	oboInOwl:hasOBONamespace	IAO:0000115		
WARN	missing_definition	oboInOwl:hasOBONamespace	IAO:0000600		
WARN	missing_definition	oboInOwl:hasRelatedSynonym	IAO:0000115		
WARN	missing_definition	oboInOwl:hasRelatedSynonym	IAO:0000600		
WARN	missing_definition	oboInOwl:shorthand	IAO:0000115		
WARN	missing_definition	oboInOwl:shorthand	IAO:0000600		
WARN	missing_obsolete_label	WBls:0000721	rdfs:label	nematode adult intestinal stage	
WARN	missing_obsolete_label	WBls:0000722	rdfs:label	nematode adult lumenal stage	
INFO	lowercase_definition	WBls:0000004	IAO:0000115	0-350min after first cleavage at 20 Centigrade. Proliferate from 1 cell to 560 cells. From start of first cleavage till cleavage is over.	
INFO	lowercase_definition	WBls:0000005	IAO:0000115	0-100min after first cleavage at 20 Centigrade. Proliferate from 1 cell to 28 cells. From first cleavage till the start of gastrulation.	
INFO	lowercase_definition	WBls:0000007	IAO:0000115	0-20min after first cleavage at 20 Centigrade.  Contains 2 cells.	
INFO	lowercase_definition	WBls:0000008	IAO:0000115	20-40min after first cleavage at 20 Centigrade.  Contains 4 cells.	
INFO	lowercase_definition	WBls:0000009	IAO:0000115	100-105 min after first cleaveage at 20 Centigrade. Contains 28 cells.	
INFO	lowercase_definition	WBls:0000010	IAO:0000115	100-290min after first cleavage at 20 Centigrade. Proliferate from 28 cells to 421  cells. Referring to the whole period of gastrulation.	
INFO	lowercase_definition	WBls:0000011	IAO:0000115	120-135 min after first cleavage at 20 Centigrade. Contains 51 cells.	
INFO	lowercase_definition	WBls:0000012	IAO:0000115	145-150 min after first cleavage at 20 Centigrade. Contains 88 cells.	
INFO	lowercase_definition	WBls:0000013	IAO:0000115	290-350min after first cleavage at 20 Centigrade. Proliferate from 421 cells to 560 cells. The stage when embryo just finished gastulation and is enclosing.	
INFO	lowercase_definition	WBls:0000014	IAO:0000115	210-350min after first cleavage at 20 Centigrade. Proliferate from 421 cells to 560 cells. The stage before the fast cleavage of cells finishes.	
INFO	lowercase_definition	WBls:0000015	IAO:0000115	350-620min after first cleavage at 20 Centigrade. Cell number remains at ~560 cells, with some new cells generated and some cells go through programmed cell death. The stage that embryo starts elongation till elongation is over.	
INFO	lowercase_definition	WBls:0000016	IAO:0000115	350-390min after first cleavage at 20 Centigrade.  Cell number remains at ~560 cells, with some new cells generated and some cells go through programmed cell death. Emrbyo elongation started but have not formed comma shape yet. The shape of embryo looks like a lima bean. A stage right before comma embryo. Also called lima embryo or lima bean stage.	
INFO	lowercase_definition	WBls:0000017	IAO:0000115	390-420min after first cleavage at 20 Centigrade. Cell number remains at ~560 cells, with some new cells generated and some cells go through programmed cell death. The shape of embryo looks like a comma. A stage between bean embryo and 1.5-fold embryo.	
INFO	lowercase_definition	WBls:0000018	IAO:0000115	420-460min after first cleavage at 20 Centigrade. Cell number remains at ~560 cells, with some new cells generated and some cells go through programmed cell death. The shape of embryo is elongated and fold back 50%. A stage between comma embryo and 2-fold embryo.	
INFO	lowercase_definition	WBls:0000019	IAO:0000115	460-520min after first cleavage at 20 Centigrade. Cell number remains at ~560 cells, with some new cells generated and some cells go through programmed cell death. The shape of embryo is elongated and double fold. A stage between 1.5-fold embryo and 3-fold embryo.	
INFO	lowercase_definition	WBls:0000020	IAO:0000115	520-620min after first cleavage at 20 Centigrade. Cell number remains at ~560 cells, with some new cells generated and some cells go through programmed cell death. The shape of embryo is elongated and tripple fold. A stage between 2-fold embryo and fully-elongated embryo. Also called pretzel embryo or pretzel stage.	
INFO	lowercase_definition	WBls:0000021	IAO:0000115	620-800min(hatch) after first cleavage at 20 Centigrade. Cell number remains at ~560 cells, with some new cells generated and some cells go through programmed cell death. A stage after elongation is over. The last stage of embryogenesis. Also called pre-hatched embryo, late embryo or morphogenetic embryo.	
INFO	lowercase_definition	WBls:0000071	IAO:0000115	~50 min after first cleavage at 20 Centigrade.  Contains 8 cells.	
INFO	lowercase_definition	WBls:0000072	IAO:0000115	~55 min after first cleavage at 20 Centigrade.  Contains 12 cells.	
INFO	lowercase_definition	WBls:0000090	IAO:0000115	155-165 min after first cleavage at 20 Centigrade. Contains 96 cells.	
INFO	missing_superclass	http://purl.obolibrary.org/obo/WBls:0000803	rdfs:subClassOf		
INFO	missing_superclass	http://purl.obolibrary.org/obo/WBls:0000804	rdfs:subClassOf		
INFO	missing_superclass	http://purl.obolibrary.org/obo/WBls:0000805	rdfs:subClassOf		
INFO	missing_superclass	http://purl.obolibrary.org/obo/WBls:0000806	rdfs:subClassOf		
INFO	missing_superclass	http://purl.obolibrary.org/obo/WBls:0000807	rdfs:subClassOf		
INFO	missing_superclass	http://purl.obolibrary.org/obo/WBls:0000808	rdfs:subClassOf		
INFO	missing_superclass	http://purl.obolibrary.org/obo/WBls:0000809	rdfs:subClassOf		
INFO	missing_superclass	http://purl.obolibrary.org/obo/WBls:0000810	rdfs:subClassOf		
INFO	missing_superclass	http://purl.obolibrary.org/obo/WBls:0000811	rdfs:subClassOf		
INFO	missing_superclass	http://purl.obolibrary.org/obo/WBls:0000812	rdfs:subClassOf		
INFO	missing_superclass	http://purl.obolibrary.org/obo/WBls:0000813	rdfs:subClassOf		
INFO	missing_superclass	http://purl.obolibrary.org/obo/WBls:0000814	rdfs:subClassOf		
INFO	missing_superclass	http://purl.obolibrary.org/obo/WBls:0000815	rdfs:subClassOf		
INFO	missing_superclass	http://purl.obolibrary.org/obo/WBls:0000816	rdfs:subClassOf		
INFO	missing_superclass	http://purl.obolibrary.org/obo/WBls:0000817	rdfs:subClassOf		
INFO	missing_superclass	http://purl.obolibrary.org/obo/WBls:0000818	rdfs:subClassOf		
INFO	missing_superclass	http://purl.obolibrary.org/obo/WBls:0000819	rdfs:subClassOf		
INFO	missing_superclass	http://purl.obolibrary.org/obo/WBls:0000820	rdfs:subClassOf		
INFO	missing_superclass	http://purl.obolibrary.org/obo/WBls:0000821	rdfs:subClassOf		
INFO	missing_superclass	WBls:0000075	rdfs:subClassOf		
